100
3 3
2 1 2
1 1 1
2 1 2
5 5
2 2 2 2 2
2 1 1 1 2
2 1 2 1 2
2 1 1 1 2
2 2 2 2 2
6 5
1 2 1 2 1
1 1 2 2 1
2 1 2 2 2
2 2 1 1 1
2 1 1 1 2
1 1 2 1 2
4 3
1 2 2
1 1 1
1 2 2
1 1 1
10 10
1 1 1 1 1 1 1 1 1 1
1 1 1 1 1 1 1 1 1 1
1 1 1 1 1 1 1 1 1 1
1 1 1 2 1 1 1 1 1 1
1 1 1 1 1 1 1 1 1 1
1 1 1 1 1 1 1 1 1 1
1 1 1 1 1 1 1 1 1 1
1 1 1 1 1 1 1 1 1 1
1 1 1 1 1 1 1 1 1 1
1 1 1 1 1 1 1 1 1 1
7 10
2 1 1 1 1 1 1 1 1 2
2 2 1 2 2 1 2 2 1 2
2 2 1 2 1 1 1 2 1 1
1 1 1 1 2 1 1 1 2 2
2 1 1 2 1 2 2 2 2 2
1 2 1 1 2 2 2 1 1 1
2 1 1 2 2 1 1 1 1 2
10 9
2 2 2 2 2 2 2 2 2
2 2 2 2 2 2 2 2 2
2 2 2 2 2 2 2 2 2
2 2 2 2 2 2 2 2 2
2 2 2 2 2 1 2 2 2
2 2 2 2 2 2 2 2 2
2 2 2 2 2 2 2 2 2
2 2 2 2 2 2 2 2 2
2 2 2 2 2 2 2 2 2
2 2 2 2 2 2 2 2 2
3 7
1 1 1 1 1 1 2
2 1 1 1 1 2 1
2 1 2 2 1 1 1
10 10
2 2 2 2 2 2 2 2 2 2
2 2 2 2 2 2 1 2 2 2
2 2 2 2 2 2 2 2 2 2
2 2 2 2 2 2 2 2 2 2
2 2 2 2 2 2 2 2 2 2
2 2 2 2 2 2 2 2 2 2
2 2 2 2 2 2 2 2 2 2
2 2 2 2 2 2 2 2 2 2
2 2 2 2 2 2 2 2 2 2
2 2 2 2 2 2 2 2 2 2
7 5
1 2 1 1 2
1 2 2 2 1
2 1 2 1 2
2 2 1 2 2
2 2 1 1 1
1 2 2 2 1
2 1 1 2 2
6 9
2 2 2 2 2 2 2 2 1
2 1 1 1 1 1 1 2 1
2 1 2 2 1 2 2 2 1
2 2 1 2 1 1 2 2 1
2 2 2 2 1 2 1 2 2
2 1 2 1 1 1 1 1 2
10 10
2 2 2 2 2 2 2 2 2 2
2 2 2 2 2 2 2 2 2 2
2 2 2 2 2 2 2 2 2 2
2 2 2 2 2 2 2 2 2 2
2 2 2 2 2 2 2 2 2 2
2 2 2 2 2 2 2 2 2 2
2 2 2 2 2 2 2 2 1 2
2 2 2 2 2 1 2 2 2 2
2 2 2 2 2 2 2 2 2 2
2 2 2 2 2 2 2 2 2 2
8 1
2
1
1
1
1
2
1
1
10 5
2 2 2 1 2
1 1 1 1 1
1 1 1 1 1
2 2 2 1 2
2 2 2 1 2
1 1 1 1 1
2 2 2 1 2
2 2 2 1 2
1 1 1 1 1
1 1 1 1 1
4 3
2 1 1
2 2 2
2 2 2
2 2 2
5 10
1 2 2 2 2 1 2 1 1 2
2 1 1 2 2 1 1 1 2 2
2 2 2 2 2 2 2 1 1 2
1 1 1 2 2 1 2 2 2 1
2 1 2 1 2 2 1 1 2 1
10 5
2 2 2 2 2
2 1 2 2 2
2 2 2 2 2
2 2 2 2 2
2 2 2 2 2
2 2 2 2 2
2 2 2 2 2
2 2 2 2 2
2 2 2 2 2
2 2 2 2 2
10 7
2 1 1 2 1 1 2
2 1 1 2 1 1 2
1 1 2 2 1 1 2
1 1 2 1 1 1 2
2 1 1 2 2 1 1
1 2 2 2 2 1 2
1 2 1 2 2 2 1
2 1 2 2 1 1 2
1 1 1 2 2 1 2
1 1 2 1 1 1 2
3 10
1 2 2 2 1 2 1 1 2 2
2 1 2 1 1 1 2 2 1 1
1 2 2 1 1 1 2 2 1 1
10 10
2 1 1 1 2 1 2 1 2 1
2 2 1 1 2 2 1 1 2 1
2 1 1 2 1 2 2 1 2 1
1 1 1 1 2 1 1 1 1 2
1 1 1 1 2 2 1 1 2 2
1 2 1 1 1 2 2 2 2 2
1 1 2 1 1 2 1 1 1 2
1 1 1 1 2 1 2 1 1 2
1 1 1 1 1 1 2 1 2 1
2 2 1 2 2 2 2 1 1 1
10 3
1 1 1
1 1 1
2 2 1
1 1 1
2 2 1
1 1 1
1 1 1
1 1 1
1 1 1
2 2 1
9 10
2 2 1 2 1 1 2 1 1 1
1 1 1 1 1 1 1 1 1 1
2 2 1 2 1 1 2 1 1 1
2 2 1 2 1 1 2 1 1 1
1 1 1 1 1 1 1 1 1 1
1 1 1 1 1 1 1 1 1 1
2 2 1 2 1 1 2 1 1 1
1 1 1 1 1 1 1 1 1 1
2 2 1 2 1 1 2 1 1 1
2 1
1
2
1 9
1 1 1 1 1 1 1 1 1
7 4
1 2 1 1
2 1 1 2
1 1 2 1
2 2 1 1
1 1 2 2
1 2 1 2
2 1 1 2
9 4
1 1 1 1
1 1 1 1
1 1 1 1
1 1 1 1
1 1 1 1
1 2 2 2
1 2 2 2
1 1 1 1
1 1 1 1
5 3
2 1 1
1 2 1
1 2 2
1 2 1
1 1 2
1 8
1 1 1 1 1 2 1 2
8 4
1 1 1 1
2 2 2 1
2 2 2 1
1 1 1 1
1 1 1 1
2 2 2 1
2 2 2 1
1 1 1 1
4 10
1 2 2 1 1 1 2 2 1 1
1 2 2 2 1 1 1 2 1 1
2 2 1 1 2 1 1 2 1 2
2 2 2 2 2 2 2 1 2 1
10 10
1 2 2 2 1 1 1 2 2 2
1 1 1 1 1 1 1 1 1 1
1 1 1 1 1 1 1 1 1 1
1 1 1 1 1 1 1 1 1 1
1 1 1 1 1 1 1 1 1 1
1 2 2 2 1 1 1 2 2 2
1 2 2 2 1 1 1 2 2 2
1 1 1 1 1 1 1 1 1 1
1 1 1 1 1 1 1 1 1 1
1 1 1 1 1 1 1 1 1 1
10 10
1 1 1 1 1 1 1 1 1 1
1 1 1 1 1 1 1 1 1 1
1 1 1 1 1 1 1 1 1 1
1 1 1 1 1 1 1 1 1 1
1 1 1 1 1 1 1 1 1 1
1 1 1 1 1 1 2 1 1 1
1 1 1 1 1 1 1 1 1 1
1 1 1 1 1 1 1 1 2 1
1 1 1 1 1 1 1 1 1 1
1 1 1 1 1 1 1 1 1 1
5 7
1 2 2 2 2 2 2
2 2 2 2 2 2 2
2 1 2 2 2 2 2
2 2 2 2 2 2 2
2 2 2 2 2 2 2
7 2
2 1
2 2
1 2
2 2
2 1
1 1
1 1
10 10
2 2 2 1 1 2 2 2 2 2
2 2 2 2 2 1 1 2 2 2
2 2 2 2 2 2 1 2 2 2
2 2 2 2 2 2 2 2 2 2
1 2 2 2 2 2 1 2 2 2
2 2 2 2 2 2 2 2 2 2
2 2 2 2 2 2 2 2 1 2
2 2 2 2 2 2 2 1 2 2
2 2 2 2 2 2 2 2 2 1
2 2 2 2 2 2 2 2 2 2
10 9
2 1 2 1 2 2 1 2 2
1 1 1 1 2 2 1 2 1
2 2 2 1 2 2 2 2 2
1 1 2 1 2 1 2 2 1
2 1 1 2 1 2 2 2 2
2 2 2 2 2 2 2 1 1
1 1 2 1 2 2 1 2 2
2 1 1 1 1 2 1 1 1
2 2 2 2 1 2 1 1 1
2 2 2 1 2 2 1 2 1
4 7
1 1 2 1 1 1 1
2 2 1 1 1 1 1
1 1 2 2 2 2 2
2 1 2 2 1 1 2
10 3
2 2 2
2 2 1
2 2 2
2 2 2
2 2 2
2 2 2
2 2 2
2 2 2
2 2 2
2 2 2
2 7
1 2 2 2 2 2 2
2 2 2 2 2 2 1
7 3
1 2 1
1 2 1
2 1 1
1 2 2
2 2 1
2 2 1
2 1 2
10 9
1 1 1 1 1 1 1 1 1
1 2 1 1 2 1 1 2 2
1 1 1 1 1 1 1 1 1
1 2 1 1 2 1 1 2 2
1 2 1 1 2 1 1 2 2
1 2 1 1 2 1 1 2 2
1 1 1 1 1 1 1 1 1
1 2 1 1 2 1 1 2 2
1 1 1 1 1 1 1 1 1
1 2 1 1 2 1 1 2 2
10 10
1 1 1 1 1 1 2 1 1 1
1 1 1 1 1 1 1 1 1 1
1 1 1 1 1 1 1 1 1 1
1 1 1 1 1 1 1 1 1 1
1 1 1 1 1 1 1 1 1 1
1 1 1 1 1 1 1 1 1 1
1 1 1 1 1 1 1 1 1 1
1 1 1 1 1 1 1 1 1 1
1 1 1 1 1 1 1 1 1 1
1 1 2 1 1 1 1 1 1 1
5 7
2 2 2 2 2 2 2
2 2 2 2 2 2 1
2 2 2 2 2 2 2
2 2 2 2 2 2 2
2 2 2 2 2 2 2
3 4
2 1 1 2
1 2 2 1
1 2 2 2
10 10
1 1 1 1 1 1 1 1 1 1
1 1 1 1 1 1 1 1 1 1
1 1 1 1 1 1 1 1 1 1
1 1 1 1 1 1 1 1 1 1
1 1 1 1 1 1 1 1 1 1
2 1 1 1 1 1 1 1 1 1
1 1 1 1 1 1 1 1 1 1
1 1 1 1 1 1 1 1 1 1
1 1 1 1 1 1 1 1 1 1
1 1 1 1 1 1 1 1 1 1
4 8
1 2 2 1 2 2 2 1
1 1 2 1 2 2 1 1
1 2 1 2 1 2 1 2
1 2 1 2 1 1 2 2
2 7
1 1 1 1 1 1 1
1 1 1 1 1 1 1
9 4
2 2 2 2
2 2 2 2
2 2 2 2
2 2 2 2
2 2 2 2
2 2 2 2
2 2 1 2
2 2 2 2
2 2 2 2
10 3
2 2 2
2 2 2
2 2 2
2 2 2
2 2 2
2 2 1
2 2 2
2 1 2
2 2 2
2 2 2
4 10
2 2 2 2 2 2 2 2 2 2
2 2 2 2 2 2 2 2 2 2
2 2 2 2 2 2 2 2 2 2
2 2 2 2 1 2 2 2 2 2
9 2
2 1
2 1
2 1
2 2
2 2
1 2
2 2
2 2
2 2
8 4
2 2 2 2
2 2 2 2
2 2 2 2
2 2 2 2
2 2 2 2
2 2 2 2
2 2 2 2
2 1 2 2
10 7
2 2 1 2 2 2 2
2 2 2 2 2 2 2
2 2 2 2 2 2 2
2 2 2 2 2 2 2
2 2 2 2 2 2 2
2 2 2 2 2 2 2
2 2 2 2 2 2 2
2 2 2 2 2 2 2
2 2 2 2 2 2 2
2 2 2 2 2 2 2
2 1
1
1
1 10
1 1 1 1 1 1 1 1 1 1
9 10
1 2 1 1 2 1 1 2 2 2
1 2 2 1 1 1 2 1 2 1
1 1 2 2 2 2 1 1 2 2
2 1 2 1 1 1 1 1 1 2
2 1 2 2 1 2 2 2 2 1
2 2 2 2 1 2 1 1 2 1
1 1 1 1 2 2 2 2 1 2
1 1 2 1 1 1 2 1 2 1
2 2 1 2 2 1 2 1 1 2
3 6
2 2 2 2 1 1
1 1 1 1 1 1
1 2 2 1 2 1
9 2
1 1
1 1
1 1
1 1
1 1
1 1
1 1
1 1
1 1
9 6
2 1 2 1 1 2
2 1 1 1 2 2
1 1 1 1 2 1
1 1 2 1 1 1
2 2 1 1 1 2
2 2 2 2 2 1
1 2 2 1 2 1
2 2 1 1 2 1
1 2 2 1 2 2
1 2
2 2
10 7
1 1 1 1 1 1 1
1 2 2 2 1 1 2
1 2 2 2 1 1 2
1 1 1 1 1 1 1
1 2 2 2 1 1 2
1 2 2 2 1 1 2
1 1 1 1 1 1 1
1 1 1 1 1 1 1
1 1 1 1 1 1 1
1 1 1 1 1 1 1
9 1
2
1
2
1
1
1
2
2
2
5 3
1 1 2
1 1 1
1 1 1
1 1 2
1 1 2
1 1
1
6 3
2 2 2
2 2 2
2 2 2
2 2 2
1 1 1
1 1 1
7 3
2 2 2
2 2 2
2 2 2
2 2 1
2 2 2
2 2 2
2 2 2
9 6
1 1 1 1 1 1
1 1 1 1 1 1
1 1 1 1 1 1
1 1 2 2 2 1
1 1 2 2 2 1
1 1 1 1 1 1
1 1 2 2 2 1
1 1 1 2 2 1
1 1 1 1 1 1
9 2
2 2
2 2
2 2
2 2
2 2
1 2
2 2
2 2
2 2
7 4
2 2 1 2
2 2 1 2
2 2 1 2
1 2 1 2
2 2 1 2
1 1 1 1
1 1 1 1
1 2
2 2
2 7
2 2 2 2 2 2 2
2 2 2 2 2 1 2
10 10
2 2 2 2 2 2 2 2 2 2
2 2 2 2 2 2 1 2 2 2
2 2 2 2 2 2 2 2 2 2
2 2 2 2 2 2 2 2 2 2
2 2 2 2 2 2 2 2 2 2
2 2 2 2 2 2 2 2 2 2
2 2 2 2 2 2 2 2 2 2
2 2 2 2 2 2 2 2 2 2
2 2 2 2 2 2 2 2 2 2
2 2 2 2 2 2 2 2 1 2
8 4
1 1 2 2
2 2 1 1
1 1 2 1
2 2 1 2
2 1 2 2
2 2 2 2
2 2 1 2
2 1 2 1
1 1
2
4 9
1 2 2 2 2 1 1 2 2
1 1 1 2 1 1 1 2 2
1 2 1 2 2 1 1 2 1
1 1 2 2 1 1 2 2 1
9 6
1 1 1 2 2 2
1 1 1 1 1 1
1 1 1 2 2 2
1 1 1 1 1 1
1 1 1 2 2 2
1 1 1 1 1 1
1 1 1 2 2 2
1 1 1 2 2 2
1 1 1 1 1 1
9 10
1 1 1 2 1 2 1 2 1 1
1 1 1 1 1 1 1 1 1 1
1 1 1 2 1 2 1 2 1 1
1 1 1 2 1 2 1 2 1 1
1 1 1 2 1 2 1 2 1 1
1 1 1 2 1 2 1 1 1 1
1 1 1 2 1 2 1 2 1 1
1 1 1 2 1 2 1 2 1 1
1 1 1 2 1 2 1 2 1 1
10 10
2 2 2 2 2 2 2 2 2 2
2 2 1 2 2 2 2 2 2 2
2 2 2 2 2 2 2 2 2 2
2 2 2 2 2 2 2 2 2 2
2 2 2 2 2 2 2 2 2 2
2 2 2 2 2 2 2 2 2 2
2 2 2 2 2 2 2 2 2 2
2 2 2 2 2 2 2 2 2 2
2 2 2 2 2 2 2 2 2 2
2 2 2 2 2 2 2 2 2 2
6 3
2 2 2
2 2 2
2 2 1
2 2 2
2 2 2
2 2 2
7 4
2 2 1 1
2 2 1 1
1 1 1 1
2 2 1 1
1 1 1 1
1 1 1 1
2 2 1 1
10 10
2 2 2 2 2 2 2 2 2 2
2 2 2 2 2 2 2 2 2 2
2 2 2 2 2 2 2 2 2 2
2 2 2 2 2 2 2 2 2 2
2 2 2 2 2 2 2 2 2 2
2 2 2 2 2 2 2 2 2 2
2 2 2 2 2 2 2 2 2 2
2 2 2 2 2 2 2 2 2 2
2 2 2 2 2 2 2 2 2 2
2 2 2 2 2 2 2 2 2 2
7 3
1 1 1
1 1 1
1 1 1
2 2 2
2 2 2
2 2 2
1 1 1
10 4
1 2 2 1
2 2 2 2
1 1 2 2
1 1 2 1
2 2 2 2
2 2 2 2
2 1 2 2
1 2 2 1
1 2 2 2
2 1 1 2
10 10
2 2 2 2 2 2 2 2 2 2
2 2 2 2 2 2 2 2 2 2
2 2 2 2 2 2 2 2 2 2
2 2 2 2 2 2 2 2 2 2
2 2 2 2 2 2 2 2 2 2
2 2 2 2 2 2 2 2 2 2
2 2 2 2 2 2 2 2 2 2
2 2 2 2 2 2 2 2 1 2
2 2 2 2 2 2 2 2 2 2
2 2 2 2 2 2 2 2 2 2
4 3
1 2 2
2 2 2
2 2 2
2 2 2
10 10
2 1 1 2 2 1 1 1 1 1
2 1 1 2 2 1 1 1 1 1
2 1 1 2 2 1 1 1 1 1
1 1 1 1 1 1 1 1 1 1
1 1 1 1 1 1 1 1 1 1
2 1 1 2 2 1 1 1 1 1
2 1 1 2 2 1 1 1 1 1
1 1 1 1 1 1 1 1 1 1
2 1 1 2 2 1 1 1 1 1
1 1 1 1 1 1 1 1 1 1
10 10
1 1 2 1 1 2 2 1 2 1
1 2 2 1 2 2 2 1 1 2
2 2 2 2 1 2 2 2 2 2
1 1 1 2 2 1 1 1 1 2
1 2 1 1 2 2 1 2 1 2
2 1 1 2 1 1 1 2 1 1
2 2 2 1 2 1 2 1 1 2
1 2 2 1 1 1 1 1 1 1
2 2 2 2 2 2 1 2 1 1
1 1 2 2 1 2 1 1 1 2
9 10
1 2 2 2 2 2 1 2 2 2
2 1 2 2 2 2 2 2 1 2
2 2 2 1 2 2 1 2 1 2
2 2 2 1 2 2 2 2 2 2
1 2 1 2 2 2 2 2 2 2
2 2 1 2 2 2 1 2 2 2
1 2 2 1 2 2 2 2 2 2
2 1 2 1 2 1 1 2 2 2
2 2 1 2 2 2 2 1 2 2
9 4
1 2 1 2
2 2 2 2
1 2 1 1
1 1 1 2
1 2 2 1
1 2 1 2
2 2 1 2
1 1 1 2
1 2 1 1
4 10
1 1 1 1 1 1 1 1 1 1
1 1 2 2 1 2 2 2 2 2
1 1 2 2 1 2 2 2 2 2
1 1 1 1 1 1 1 1 1 1
5 6
1 1 1 1 1 1
1 2 2 1 2 1
1 2 2 1 2 1
1 1 1 1 1 1
1 2 2 1 2 1
5 6
2 1 2 2 1 2
1 2 1 1 1 1
2 1 1 2 2 2
1 2 2 1 1 2
2 1 2 2 2 1
6 3
2 1 1
2 2 2
2 1 1
2 2 2
1 1 2
2 2 2
5 7
2 1 1 1 1 2 2
2 1 1 1 1 2 2
1 1 1 1 1 1 1
1 1 1 1 1 1 1
2 1 1 1 1 2 2
2 9
2 1 1 2 2 1 2 2 1
2 1 2 2 1 1 2 1 1
10 9
2 1 1 2 1 2 1 1 1
2 1 2 1 1 1 2 2 1
2 1 1 1 2 1 2 2 1
1 2 1 2 1 2 1 2 1
2 2 2 1 2 1 1 2 2
1 2 1 2 1 2 2 1 2
1 1 1 2 1 2 2 2 2
2 1 1 2 1 2 2 2 2
2 1 2 1 1 2 1 1 1
2 2 2 2 1 1 2 1 2
5 6
2 2 2 2 2 2
1 2 2 2 2 2
2 2 2 2 2 2
2 2 2 2 2 2
2 2 2 2 2 2
10 1
1
1
1
1
1
1
1
1
1
1
5 3
2 2 2
2 2 2
2 2 2
2 2 1
2 2 2
10 5
1 1 2 2 1
1 1 2 1 1
1 2 1 1 1
1 1 1 2 2
2 1 1 2 2
1 1 1 1 2
1 1 2 2 2
1 2 1 1 1
1 1 1 1 2
2 2 1 1 1
