100
1 2
11
01
5 4
0011 1001 1010 0100 1111
1100 1001 0000 1010 0111
10 9
110000000 100100001 110100110 001100001 101000111 000111010 110111001 001110000 000010011 101010001
000100000 101101110 000100011 110111111 111001111 111011111 111110100 000001010 011001101 110100011
6 7
1000000 1000010 0001111 1010010 0001101 0011111
0011101 1010000 0001101 1000000 1010010 0011111
9 4
1001 1100 1000 0000 1111 0010 1110 0101 0011
0110 1010 1011 0001 0100 0111 1101 1000 1100
10 10
1110111111 0000010001 1100100101 1111001111 0011010010 1010001010 0101110100 0001111000 1101001100 0010100011
1011010000 1111011100 0000011011 1101110110 0100101110 0010000001 1100000111 0011101000 1110110101 0001101011
6 7
1011111 1111000 0101000 1001000 1010100 0100000
1000100 1100011 1001111 0111011 1010011 0110011
8 8
10110011 10011011 00100000 10110000 01111010 00000111 00011100 00100111
11100011 10101101 11010100 11000010 00011001 01111000 01110000 00110011
1 5
01111
11010
10 10
1010001111 0111110000 1101011011 0100101000 0110011101 0000000010 0101001101 1011110111 1001100000 1010110110
1001001101 0011000000 1110111111 0100010100 1100000010 1101100111 0010111000 0011111001 1111010010 0000101111
6 6
001110 111011 011010 001100 111001 011000
000011 100000 010111 000001 100010 010101
10 10
1011001111 0001000100 0100010001 0111010010 1100101000 0010010011 1101101100 1010101001 0011111110 1100110111
0011011000 0100110111 0101011010 1100000110 0110001101 1010100101 1101100000 1011100001 0000011011 1011111110
4 9
011101100 100010000 011101101 100010001
011101110 100010011 100010010 011101111
5 9
111110010 011010000 001001101 111000100 100001010
000111011 011000011 101111100 111100001 011110101
2 4
1010 1100
1011 1101
2 10
1101000011 1010100111
1011110010 1010101000
4 7
1011101 0001010 1010110 1011001
1100100 1000110 1000010 0110010
2 5
00010 11110
10010 10000
10 10
1000010011 0111000100 1011010010 1101101110 0111011011 0011111101 1010100000 0100000111 1000101100 0100111001
1100001100 0000000101 1111110010 0011100111 0100100011 1111001101 1010110000 0011011001 0000011010 1101111110
1 3
001
000
1 8
00101010
00111011
8 7
0111000 1010101 1100011 1101110 0111101 1110101 1010000 0100111
0110111 0100001 0101100 1001001 1001110 1100100 1000101 0010000
1 5
01000
11100
10 10
0101010110 0011011001 0111110101 0101010001 0111101110 0010000000 1100111000 0011100010 0011101010 1111101011
1001011001 1001101010 1111010110 1101110101 1000000000 0110111000 0101101011 1001100010 1111010001 1101101110
4 4
1001 0100 1101 1111
0011 0111 1010 0001
6 9
110010101 101010110 011010011 101111111 001111110 000001100
101001010 100001010 100010110 011110010 110111011 100100000
10 10
0110000111 1000110111 1011101010 1111111001 0011101000 0100011000 0000100010 1111010111 0100011101 1001000100
0101110000 1110010100 0011001101 0001100011 1010101011 1001100001 0101011110 1110010001 0010111110 1100001110
10 10
1100100111 1111011110 1010100000 1001111101 0001111011 0010011010 0101000111 1110001001 0010010100 0101100000
1101000000 0011110011 1011000111 0100000111 1111101110 1110111001 0011111101 1000011010 0100100000 0000011100
10 10
1000100111 1011001101 0101111010 0111101011 1110010000 1000010100 0010000101 0001101100 1101010011 0110111010
0111101100 0100000101 1101111101 1110100100 1000111010 0011010011 1011111001 0000010011 0010000010 1101001110
6 9
000011000 110011000 000011100 000100100 000100000 110011100
010101100 100101100 100010100 100101000 010101000 100010000
10 10
1010000000 0010101000 0101111111 1101011111 1100100011 0111101001 1010100110 0011011000 0100010110 1001010101
1010111001 1000101111 1101101110 0011100101 1011010000 0110010011 1100011110 0010011001 0101100000 0101000110
1 9
000000010
001111011
2 3
010 001
100 011
4 7
1011100 0110011 1001010 1000110
1011110 0101011 0100111 0110001
2 7
0010010 0001011
0000000 0011001
10 10
0100001100 1010101101 0110111010 0111110011 0011110110 0110000100 1001000111 1001001001 1001111000 1100010011
1010101101 0101001000 1101010111 0000011100 0000100011 1110101000 0000010010 1111011111 0011110110 1111100001
8 8
11111011 00111110 01001001 10101000 00100011 01101110 01010110 01111110
10000111 11010111 11001010 01000001 10111111 10010111 00010010 10100000
10 8
10010011 11111010 11111011 01110000 01101111 01101110 01100101 01100100 10010010 01110001
11001001 10100000 00110100 10100001 00110101 11001000 00101011 00111110 00101010 00111111
5 9
101010011 000111011 101000010 111111110 111011100
111000011 001101101 001100111 110100111 000111111
1 5
11100
11110
4 9
100111101 100001001 001000000 000101000
001001110 111100101 000111000 010101111
3 7
1000001 1100100 0100101
1111010 0111011 0011110
6 8
00010000 11101110 11111111 10000010 10010011 01111100
00010001 10010010 01111101 00000000 11111110 01101100
5 8
00101100 11111010 10000011 11011100 10010101
11111100 10110101 10100011 11011010 00001100
10 10
1010000000 1110001111 0110000100 1010111101 1111001001 0001111000 1001111011 0101110010 0100100110 0001010111
0110010101 0101010011 1110010110 0001100001 1010011100 0000100111 1001101010 0101101110 1011001000 1110111001
4 5
11111 11010 00101 00000
11110 11011 00001 00100
8 10
1110000001 0000111010 1101011101 0111101111 1001010000 0010010110 1011101001 1101111001
1010100010 0100001011 1101100010 0111010111 1011111100 1101100011 1001110101 0011011001
10 10
1111111100 0010010100 0111010111 1100001101 0101011011 0001101010 0000110110 1000100001 1111001000 1010100011
1011101101 0110000101 1001001111 0011011010 1110101110 1000010011 0001011000 1100100010 0110110001 0101110100
4 10
1000110111 1111011000 1011110111 1100011000
0100000100 0000101011 0011101011 0111000100
10 10
0000100000 1110000101 1111101010 1001001011 0101010010 1110110100 0011111111 0000101111 0110010000 1001011101
0010111100 1111110111 0010001101 1001011010 0101000011 1100100111 0101010101 1100101000 0011100010 1010011000
10 10
1111011000 1000111110 0101010111 0011000011 0000111011 1111111001 0011000100 1010100001 1100001100 0100100110
0011101100 1011101001 1000010110 0100101011 0111011110 1110000101 1111110100 0001110011 1000010001 0100001010
6 8
11110101 00001011 11010100 00101011 11010101 00001010
11010100 00101011 00001010 11010101 11110101 00001011
10 10
0110000010 0010010000 0010101100 1000001001 1001100110 1101010110 1111111011 0101011101 0010111011 1101100101
0101110100 0111011001 1110100000 1010011001 0000101011 1010110010 0001000100 1101111111 1010001110 0101000111
6 7
0010001 1001111 0100111 0000011 1011101 0110101
0000010 1001110 0010000 1101010 1111000 1011100
10 10
0011001101 0001100010 1010001100 1001110001 0100101011 1110100110 1101010101 1111011110 0000011000 0110110011
0001111110 1100100100 0101001101 0110011000 1010001011 0011100110 0100110111 1000000000 1111011001 1011110011
8 10
1101011110 1101010011 0111000011 0010001010 1000011010 0111000111 1101010111 0111001110
1001111100 1001110001 1001111000 0110100101 1100110101 0011101100 0011101000 0011100001
10 10
1111011100 0010010010 1100000011 1011101110 0101111100 0011100001 1001111010 1110101111 0100000101 0000010001
1000100011 1010100000 1001010000 0110110010 0101101101 1111001101 0001011111 0100011110 0011001011 1110110100
9 6
000100 011001 010011 011000 000101 110010 010000 101100 100101
111100 100100 110011 110001 001001 001010 111101 110111 110100
10 10
0110110011 0011100111 1010111000 1001100110 1110001111 0001011000 1101000100 1100011010 0011010101 0100101001
1100111010 0011101101 1011010011 0110011100 0001010010 0001100000 1110101111 1000001101 0100000110 1111110001
3 6
000011 100101 011100
110110 100100 001100
3 5
11011 10101 10111
01100 00011 10101
10 9
100111110 000101110 111011011 101000010 000110000 110010010 100111111 001000011 010110111 010100110
111110000 001100011 100111110 010001101 011010000 011101011 000011010 101001010 110001101 111011110
10 10
0111010000 0001001111 0111110001 1011101001 1000000100 1111111010 1110010111 1000110110 0000101101 0100001010
1001100110 1010011101 0001101101 1110111010 1001000111 0110010011 0101111110 0000000000 1111011000 0110100001
9 10
1100000011 0000000000 1010000011 1001000001 0001100111 1111001011 1110001001 0011100001 1111101000
1100010000 1010100101 0100011011 1011100100 1110001100 0100111110 0100000001 1001000000 0111110011
5 6
111000 011000 010000 100110 011100
001101 101100 100100 111111 101101
10 10
1111110011 0010100101 1000011010 0110001101 1001100010 0001010100 1001001000 1101111111 0110000001 0110111110
0101100101 0011011110 1101111001 1010010011 1010101100 1010100000 0100110111 0101001111 1110001000 0001010010
10 10
0101101111 0111000011 1101111010 1010101100 0111110101 1110011110 0000010000 1001011110 0010000001 1000100001
1011111111 0011101010 0110010101 1111011011 0001110000 1100101001 0100000100 1000011011 0001000110 1110100100
2 4
0111 1110
1000 0001
10 10
1101101110 1011010001 0101101001 0010000000 0000001010 0010000111 0111111001 1101010110 1110111100 1000110111
0101110111 1001011111 1011001111 1110101100 1100100001 0011110000 1100100110 0110010001 0011001000 0000011010
8 3
101 000 010 100 001 111 011 110
001 101 110 010 100 000 011 111
2 7
1101010 0110011
1111011 0100010
10 10
0101011101 1101110010 0111010010 0010001001 1110110011 0010111100 0101100111 1010001000 1001000101 1000101110
0100001110 0110101000 0010010011 1011110010 1001111101 1001000111 0101100101 1110101001 0001010010 1110011100
10 10
0110011111 0101100011 0101011101 0111111010 1000100000 1001101110 0010000111 1110011000 1001000101 1010110000
0110011110 0001000100 0011100011 1101110111 1100111001 0001111010 0010000110 1110101001 1101011100 1010000001
10 10
1010111001 1100100111 0000001100 0011011011 1111010000 0110110010 1001101101 0101010110 0100101001 1011000110
1011101010 1100011000 0100010110 1101100111 1000111101 1110000011 0001011100 0111100001 0010001000 0011110111
8 10
1010101001 0011001101 0010110101 0000010101 0100111010 1101010111 0111100111 1100010001
0010011001 0110110110 1011000000 1110100000 0100111010 0110010110 1001110010 1110010110
2 7
1101010 0001101
1111010 0011101
10 10
1001101001 0000010111 0011100100 0010111010 0001011111 1111000011 1111010000 0100000101 1100111100 1110101010
0000101011 1011111000 1101000111 0101111110 1000011101 0110000001 1001010101 0111101000 0110010010 1010100110
3 8
00111000 01100110 10110011
10100100 10111111 00001010
9 8
11111100 11001000 01101011 01011111 01001010 11110000 10011111 11100100 01011011
11110100 11100000 10001111 01001111 11011000 11101100 01011010 01001011 01111011
8 10
1101111010 1011001101 1010000111 1001001010 0001000001 0010001001 1011101000 1111110100
0011000001 0111101101 1111111001 0100100000 1000011011 1111010011 1001010010 0110001110
3 4
0001 0010 0101
0011 0010 1010
1 7
0011100
0011010
7 10
0000111110 1000010100 0010111000 1101011011 0100100101 0000101011 1010001111
0101110100 0000010001 0010000111 1110001110 1101011011 1001001111 0100100101
10 10
0110000010 0000110000 1110101100 0011110110 1010111011 1001010101 1101001001 0101000100 0010111011 1101001111
1111111110 0111110011 1000001100 1011100010 0000001100 0100110101 1111111000 0001000001 0010000111 1100011011
6 9
100000100 001111011 101000110 101100010 100100000 001011111
010001111 110110010 010101011 111010100 111110000 110010110
10 10
0101000100 1110000001 1010110011 1010111110 0001000010 0000101101 1101010000 1111111100 0101111111 0010001011
1110101100 0001101111 0010100110 0101010010 0101101001 1101111101 0000000000 1111010001 1010010011 1010011110
10 10
0110100000 0011010001 1110101110 0100111000 1001110011 0001000010 1100000101 1101011101 1010001110 0011111111
1000110001 0100101110 1101001011 1010001100 1111010011 0000000000 1010100010 0011111101 0111011101 0101110110
1 2
00
10
7 10
0000011101 0111101001 0001111010 0011011001 1011011001 1101001000 1100011000
0000000110 0100110110 0111110010 1010100111 1011110111 1100110110 0110010101
8 7
0000100 1111011 1101110 1111001 1010001 0010001 1101100 1000100
1100110 0011011 0011001 0001100 0110011 1110011 0100110 0001110
10 10
1010110101 1111001000 1111011010 1010111011 0111010101 0100101100 0001100010 0000101101 1000000010 0101010111
1101100110 1100011101 0111111001 1000011100 0000110011 1001010011 0010000100 1111100100 0010001010 0111101011
2 4
1000 0010
1001 0011
6 7
1000111 0101001 0111000 1010111 1010110 0111001
1010110 0111000 0101001 0101000 1000111 1000110
10 10
0000000111 0110101101 1111111000 0001111110 1001001101 1100111010 0111000011 1010000110 0010010000 1101110001
0000011000 1111111001 1000001110 1011000101 0101001011 0100100101 1110110010 0010001111 1101110000 0011110110
2 7
1101101 0101010
1100101 0100010
1 6
100011
100010
2 7
1101100 1000001
1111110 1010011
10 10
1110101111 0010111001 1110000100 1001010010 1011100001 0000000110 0101101110 0101011000 0101111111 1010010001
0000101110 0000001001 0000011000 0111001111 1011110010 1011011001 1110010111 0101110000 1111100111 1100100100
10 10
1010000000 1111111010 1011000001 0111110110 0000110111 0001000101 1100111100 1010001111 0100101001 0101011010
1011100110 0100110011 1110010011 1011101001 0110011111 0000101100 1101010101 0101000000 0001011110 1010101000
7 10
0011010111 0110010011 0011010000 0101011011 1010110100 0010011010 0010000011
1011001000 0011011101 0101101101 1100010011 0110010011 0110101001 1010100010
