100
1 2
01
11
4 6
011010 100001 100101 110100
111001 101000 010111 101100
4 7
1111001 1110000 0110011 1100110
1110000 0010001 0000000 0001100
10 10
1011101010 1111000001 0111010100 1010010101 0000101011 0110111110 0100111100 1001110010 0101001111 1000000001
1010100000 0100001001 1001000111 0110001011 1000110100 0111100001 1011011111 1111110100 0101111010 0000011110
6 8
00100000 00100010 01100100 01000111 00000011 01100110
01101101 00001010 01101111 00101011 00101001 01001110
10 8
00110101 01101010 11000010 01111011 10010100 11001101 00001101 11110100 10101000 11010011
10011110 10000111 01111010 10111110 10001000 10000101 10100011 10100111 11011101 00000011
3 8
00001111 00101001 00111001
10111101 10011011 10001011
8 10
0001101110 0101101110 1010000001 0100101110 1110000001 1011000001 0000101110 1111000001
1111010001 1110010001 0101111110 1011010001 0000111110 0100111110 1010010001 0001111110
1 8
11001100
01000101
10 10
1101000010 0100110111 1100101101 1001001001 0000000011 1111111000 1010110110 0010001101 0111110000 0011011110
1110101101 1001000100 1101110000 0000110001 0111000101 1111111110 0010001011 0100111010 1010000011 0001011110
6 9
111100011 011010010 000010001 011010011 111100010 100100001
000011010 011011000 111101000 100101010 100101011 000011011
6 10
0110111010 1001001101 0111011101 0111111101 1001101101 1000101010
0111110010 0110110101 0111010010 1001100010 1001000010 1000100101
3 7
0001010 0010000 1010000
0010100 0111111 1110000
10 10
0010110001 1110001001 0111101100 1001001100 0001010110 1000111011 1101100111 1110110010 0011011111 0100000000
0011111001 1111111010 0000101100 1100011101 0100000111 0101110000 1010100111 1001001011 1110010100 0011000010
10 9
100010111 010011001 100101011 010000011 011011111 010011100 001110100 100001000 001010101 111010000
100110001 101110111 011100110 101101101 110011010 110111011 011000101 101110010 000111110 011111001
6 4
0000 1110 0100 1010 0001 1011
1010 1110 0101 0000 1111 0100
10 10
1010010001 0001111011 0000101010 0001000001 1110110000 0001000110 0110010101 1110001111 1111101110 1101111100
1000101010 0101111100 0110110000 0111101110 0110001111 1110010101 1001111011 1001000110 1001000001 0010010001
10 10
1000101000 0000101110 0111001110 0010010111 1101010101 1100101011 1011010100 0110111010 1001100001 0111010001
1110010011 0010001001 1101101111 0111010000 0011111101 1001101100 0101101001 0010010110 1100100110 1000010010
4 4
0111 0101 1101 0011
1110 0000 1010 1000
1 9
100101110
100110010
4 7
0110001 1011110 0011100 1110011
0010100 1010110 0111001 1111011
3 6
000010 101111 010110
100111 011110 001010
7 7
0110011 0010011 1010111 1111101 0110100 1100110 1100001
1110011 0110101 1101110 0110011 1010000 0110010 0000000
10 10
0101011111 0110000011 1001111100 0001111001 1011010110 0000100101 1010000001 1100101000 0111001110 1110110010
0010100111 1001001010 1110000100 1100101110 0111011101 1011010000 0110000001 0000110110 1101111001 0001111011
10 10
1011011001 0001011100 0001001111 1101000110 1100111000 1110001000 1110100111 0110110010 0010110011 0001100101
1110000101 0010001100 1111111011 0101110001 0010100110 1101001011 1101100100 0010011111 0001110000 1000011010
3 7
1101100 0110000 0101111
1000000 0110100 1000101
8 9
111000001 001001011 111011101 101010111 001000101 111000000 001111011 000100001
111000100 111000101 000100100 111011000 001001110 001000000 101010010 001111110
4 9
000111001 100110001 101101010 011100100
000010111 101000100 001001100 110011001
10 10
0010111111 1110011000 1001110101 0111100110 0001010000 1100101001 1000000111 0111011111 0111000000 1000101010
0111100011 0011001101 0110010001 1000000010 0111001110 0001111100 1101011011 1000111011 1000100100 1110110100
8 8
11011110 00100000 00011100 11011011 10100100 10110001 11011111 10111110
11010101 01100101 11110011 00101010 11010001 10011100 00100010 00010110
2 3
001 010
101 110
10 10
1110110000 1110010010 0100111101 0000111000 1011111001 0101000110 1001001111 0101001110 1011000101 0010100011
0100100111 1010101100 0100101111 1111111011 0101010100 1111011001 1010010000 0011001010 1000100110 0001010001
4 7
0000001 1010000 0010001 1000000
0010000 0000000 1010001 1000001
10 10
1000100001 0010000100 1111101111 0100011101 0011110010 0011110101 1110111110 1100001010 0001001011 1101010000
1001110100 1011000000 0100111111 1111101011 1000100101 0011010111 0101001110 0110000001 1010011010 0100111000
10 10
0000000011 1001110100 1011000011 0110001111 1111101101 1110110010 0100001100 1000011000 0011110011 0101111100
0010100101 0001010110 1011000111 1101011110 1100110010 0100101001 1111101001 0000100110 0111011001 1010011000
10 10
0110001011 1110010111 0100011111 0010001100 1101110100 1001100001 0010110010 0011100000 1101001011 1001111100
1001111101 0110010111 1101010111 0011111100 1101101000 0010101110 1110001011 0010010000 0100000011 1001100000
10 10
1101000011 1011110000 1100001001 0010001111 0011101100 1011110101 0110110100 0000011010 1101100010 0100011111
1000011101 1001010111 0000001011 0100001110 0110011011 1111100001 0010100000 0111111000 1111100100 1001110110
6 10
1000001110 1100110010 1111001111 1101010100 1010111101 1001011110
1111011001 1000011000 1011100101 1010000011 1101101010 1110001001
10 10
1101100001 1011110010 0010000010 1001001101 0010011100 1101111111 0110000111 1110101001 0101111000 0000010110
1001111101 0110000000 0001111010 1001100011 0110011110 0100010100 1101001111 1010101011 1111110000 0010000101
10 10
0011001111 0001100110 0110011111 1100010010 1101111001 0010000111 0000100000 1100101100 1011010000 1111111001
0011010111 0001111110 1101100001 1111100001 0000111000 1100110100 0110000111 1100001010 0010011111 1011001000
4 3
010 111 000 101
001 100 110 011
9 6
101101 100111 110101 101100 011100 101110 100100 001110 100001
100011 100100 101100 001100 110101 010100 000010 111010 111101
10 10
0010111001 1010010111 1111111011 0001001111 0111000001 1001111000 1100001100 0000010110 1101100010 0110100100
1101011010 1010001101 0011100011 0000001100 0110010111 1100111111 0101100000 0111111001 1000100010 1011010100
3 7
0001100 1000101 1101001
1010011 1110000 1100111
6 7
0001010 1110101 0110100 1100101 0011011 0111001
0111100 1110000 1111101 0101100 1000011 1010010
10 10
1110011010 1000101011 0010101110 1101111011 1100001011 0101101010 1000001100 0010000110 0001100101 0111010100
0010100101 1101110001 0111100100 1111111011 1011101111 1000000110 1001110101 0011111101 0000111010 0010111011
10 10
1111101011 0100110000 1010100100 1000010100 0001010110 0110001010 0111001101 1011100011 0100011111 1001111001
1110110111 0100000010 1011010001 1000101100 1011111110 0111110101 0000001010 0101000101 0110011000 1001101011
2 3
111 011
111 011
10 10
1010001100 1011101010 1001011010 1101110101 0110100101 0111000110 0110101001 0000011000 1000110011 0101010111
0011001101 0011000001 1000010001 1101010111 0000110011 1110001110 0101111100 1100111110 1111101000 0010100010
2 3
010 110
010 110
8 9
000000010 010110011 101000101 011101001 010100010 000010011 001001001 111100101
100010100 101001110 000011000 111111111 010111000 110110100 101011111 111101110
5 7
0100011 1011110 0111000 0011101 1111101
0010100 0011010 1001100 1101010 1101100
10 10
0111001010 0001111000 1010001110 0101010011 0101001101 1000100101 1011100111 0100110011 1110111100 1010010000
0001000010 1010110100 0111110000 1011011101 1110000110 0101101001 1010101010 1000011111 0100001001 0101110111
9 7
1001111 0000001 0100010 1001000 1101001 1010110 0110111 1100100 0110001
1000011 0111101 0101110 1011010 1100101 0001101 0111011 1000100 1101000
1 7
1000001
1011111
10 7
0010001 0000001 1011010 0101001 1010101 1110110 0001011 1001010 1011000 0000000
1001010 0101000 1010011 1110010 1110011 0001001 0111101 0101111 1011001 0101011
4 3
001 110 101 010
101 001 010 100
6 9
000011011 100010101 100011110 111111111 100100011 110001000
001100100 100101100 010001010 000001111 111100100 010111011
10 10
1001101101 1111011000 0010001101 0001011011 0011010001 0101100110 1110010000 1100100110 1000111011 0110100110
1101010000 0010011011 0001001101 0110100110 1011111011 0101100110 1100011000 1010101101 1111100110 0000010001
1 4
0000
0110
10 10
0010001111 1011111110 1110001111 0000110111 0111000011 1010011100 1001110000 1101111000 0100000001 0101100000
0010000011 0110110101 1000001101 0100001101 1111110010 1100011110 1011111010 0001000001 1101111100 0011100010
10 10
0101100011 1010101011 1011111001 0011011110 1100100111 0100001101 0011010100 1110010000 0001000000 1100111110
0010110001 1011101100 1101011011 0010101000 0000011111 1101010001 0100100100 1111001111 1010000010 0101110110
6 10
1110000110 1110100111 1011001100 1001001000 1100000010 1011101101
0100000110 0011101001 0110100011 0011001000 0001001100 0110000010
10 10
0110101001 0011110010 1000000111 0111011001 1101011001 1101010000 1000000110 0010111110 0001100110 1110101101
1111011001 0000010010 1100101101 0011001010 0111011101 0110101101 0010000110 1001110010 1001110011 1100100100
10 10
1110010000 0011011001 1101110000 0000000110 0100001101 0001101110 1111000111 0011111000 1100111011 1010100111
0000101010 0011010110 0010011101 1110000011 1100010101 1100110100 0101001010 1011100000 0001111101 1111101011
2 9
111001100 011011000
111111010 011101110
8 5
11111 01011 01111 01001 10001 11011 00110 11110
01110 01010 11110 11010 01111 11000 10111 00000
8 8
01110110 00000000 00001010 11110101 11111100 00011001 01110111 11010000
10001111 10000110 10011101 11100110 01101110 11010010 00101110 11010111
10 8
00111111 11110010 11111011 10011001 00101101 01101111 00110110 01100110 10010000 00100100
00110110 10000010 11100000 10001011 00111111 11101001 01110100 00101101 01111101 00100100
4 9
100011010 010101001 100100010 110010000
001100100 001100011 001000010 011001100
3 3
111 011 100
001 010 110
2 6
111010 010011
010111 111110
1 7
0111101
1110000
10 10
0000100110 1001111101 1011000110 1100100000 1110011001 0011101001 1100110110 0101010011 0111011011 0010001100
0011110100 0111000110 1100101011 1110000100 1100111101 1001100000 1011011011 0101001110 0000111011 0010010001
4 8
10111011 10010000 10011001 10110010
11110010 11111011 11010000 11011001
10 10
1101101011 0001110101 0110100111 1111110011 0100010000 1001011110 1101110001 1010001100 0010001100 0010001010
1110011110 0001111001 0001111111 1010101011 0111100101 1110000100 1001111001 0010000000 1100000110 0101010010
4 8
01111001 11011011 00100001 01001100
01100011 01010110 11110100 00001110
4 4
1100 1110 0111 0110
0010 0000 1011 1010
2 2
00 10
11 10
9 7
1011011 1001101 0101011 0100011 0001001 1011110 1110001 0110110 0001010
0010101 1001111 1111110 1010100 0110011 0001100 0100010 1100101 1110110
8 8
00011100 01101001 10110101 00001111 11011010 10111111 10010110 01101010
01110110 11010110 10111000 01111101 11000111 01100100 00111100 01010001
10 10
0001000101 0111111010 1010101010 1000010100 0110110101 0111011011 1011100101 1100101011 1100011010 0001000100
0011111110 0101000001 1100010000 1000101111 1111100001 0010110001 1110101110 0101000000 1000011110 0011011111
10 7
0110010 0110000 0111000 1010100 1000101 0100011 0101111 0111110 0101001 0100001
1001011 0100001 1011010 0110000 1011100 1010110 1000111 1001101 1000101 1010100
3 9
110100100 000101000 010101001
100110011 110011110 110100000
10 10
0000000101 1011001111 1100011000 1110110110 0001010100 1010001011 0010101111 0101110000 0101111001 1111100010
0111101111 0110111110 0011001011 1010100011 1000001101 1001011001 1100110000 0011000010 0100010100 1101110100
5 8
11001111 11011000 10010101 10111011 01010101
00101000 11000110 10110010 11101000 10100101
4 6
000100 111001 100100 111011
111000 110000 101010 001111
1 7
1010100
1101011
8 5
11001 11110 11101 00111 11111 00101 00001 00110
11010 00101 00010 11110 00110 00100 11101 11100
6 7
0110010 0000010 0000111 0101001 1101010 0000001
1011110 0110011 1011011 1110000 1101011 1011000
10 10
1110000011 0010101111 1000001000 1001111010 0100110011 0111101100 0100110101 1111000100 1001011001 0011010110
1101100111 1011111010 0110010000 1010101011 0101001111 0000001100 1100100000 1011011001 0110010110 0001110101
10 10
1111001010 1000000010 0110111101 1101010111 0001011000 1111111100 0001100001 0010111111 0000100001 1110000110
0101000111 1001111110 1010101111 1111111010 1000110010 0111011001 0110011001 1000000100 0110100000 0001000101
4 5
10010 00010 01000 00100
10011 10101 00101 11111
10 10
1111000100 1010111110 0101111101 1101000100 0011010001 0010011011 0100100001 1100101011 1000010110 0011101010
1001011011 0110100001 1010110100 0000001101 1101100110 0111101011 0001010001 1000110100 0110011010 1111001110
6 9
000011001 101011001 110110010 010001101 001010111 010101111
010010101 100001000 001001110 111010100 011001111 100000111
10 10
0100011001 0011110001 1011000110 1110111010 0000001001 0101100010 1100110100 1111000111 1010001100 0001111111
1011011100 1101001111 1010100111 0000000100 0100110010 0001111001 0010001010 1110110111 0101111000 1111000001
10 10
1110001110 0011000111 1101100101 1110100011 1010111011 0101001100 0000010001 1011111010 0000011000 0101110100
0110110100 1000101011 0010000001 0110011001 1000100010 1011111101 0101011111 1101110110 1101001110 0011000000
10 10
0001001110 0011011100 0000110101 1111011001 0100111000 1110100011 0101001100 1111000011 1010100111 1000110010
0011000100 0010111111 1100101001 0001010110 0110110010 1010111000 1000101101 1101010011 1101001001 0111000110
3 4
1011 0011 1111
1010 1110 0010
10 10
1000100000 0100111100 1001000011 1111010001 0100111011 0111000111 1110011000 0010011110 1001100111 0011101100
1111110001 0010000101 1000100110 0101111010 1000100001 0101011110 1110000011 1011011010 0011001100 0100111101
