100
3 1 5 15 13 11
3 0 8 23 22 21
2 2 2 6 25
2 0 0 5 15
2 1 1 27 26
3 1 5 12 10 12
1 1 7 26
3 2 1 4 0 20
3 0 10 18 20 26
2 2 9 6 18
1 0 8 3
1 0 1 15
2 2 1 20 3
3 0 2 2 3 3
3 0 3 6 3 0
2 0 9 23 24
1 1 4 12
2 0 1 0 0
3 0 4 8 8 9
1 1 7 2
3 2 5 9 9 28
1 0 10 27
2 0 8 21 2
3 3 4 15 12 22
3 2 0 23 29 15
3 0 9 24 29 27
1 0 1 27
2 0 6 14 30
2 0 4 17 18
1 0 5 11
3 0 3 13 6 5
1 0 0 0
3 2 2 5 23 29
1 0 1 24
2 2 5 22 5
1 0 0 30
2 2 4 2 20
1 0 3 5
3 0 4 8 9 8
3 2 4 16 24 30
2 1 6 14 15
3 2 3 10 28 13
1 0 6 14
2 2 0 11 23
2 2 7 15 21
2 0 1 12 3
3 0 3 17 26 0
1 1 5 28
1 0 3 6
1 0 7 17
1 0 9 24
3 2 9 4 10 27
3 0 7 19 8 12
1 1 7 4
2 0 4 1 2
3 3 6 26 8 18
1 0 5 26
1 0 6 15
1 1 10 11
1 0 3 28
1 1 3 22
2 0 5 12 13
2 2 9 25 14
1 0 10 28
1 0 5 10
2 1 4 6 10
1 0 3 5
3 1 4 15 17 9
3 0 10 4 17 27
3 3 5 28 5 20
3 0 3 28 6 10
1 0 10 30
3 1 2 27 22 30
1 0 5 12
1 0 4 8
2 2 7 27 16
2 0 3 0 0
1 1 3 9
1 0 4 9
3 0 4 9 4 9
3 0 6 19 5 10
1 0 9 23
1 1 7 17
2 2 2 16 8
1 0 10 27
1 1 9 24
3 0 3 9 0 18
3 0 10 17 26 4
2 2 3 3 17
1 0 6 27
2 0 9 4 9
3 0 9 14 19 22
2 1 1 9 23
3 0 3 28 18 26
3 3 2 21 13 26
2 0 10 27 7
3 0 6 28 17 15
3 2 2 16 3 1
2 2 7 22 15
3 0 0 18 26 2
