100
418.22746 2.90975 1235.19917
375.0 3.1650 469.9324
185.0 3.0 1813.0
453.17390 1.09911 1998.19324
1.08248 3.76869 1999.89922
188.21339 2.34121 1716.03567
54.62800 2.31092 357.12446
284.0 3.0 257.0
490.41361 1.13602 1911.99923
498.01260 1.32518 1927.87907
392.78853 1.40167 1290.32000
498.56986 1.10138 1904.66133
293.0 1.0 1243.3591
443.62778 3.68531 1759.55215
358.59298 3.22019 1109.06121
387.18050 3.87301 1001.20424
34.0 1.9 9.20
147.0 3.0 466.0
492.17255 1.44708 1947.17410
266.66513 1.72 1158.93
490.82754 1.11993 1922.39559
490.25631 1.17055 1943.54355
496.23258 1.20370 1947.98830
338.0 1.0 1897.0
493.58473 1.47941 1921.09639
495.21089 1.17509 1939.69514
459.0 4.0 839.0
1.00824 3.45675 1999.19506
498.52206 1.25219 1959.07814
495.90473 1.35320 1985.99144
475.79132 2.08246 1259.73150
22.0 4.0 50.0
494.76208 1.16515 1934.17699
1.07626 3.07923 1999.96090
2.46204 2.50161 1954.20100
292.00000 1.00000 327.00000
458.0 3.0 1624.0
357.0 1.0 1988.0
207.944 2.670 219.0
497.58744 1.36176 1987.73789
381.00000 3.00000 386.00000
1.00931 3.69953 1999.56930
493.02417 1.34810 1978.58132
309.00000 2.00000 351.00000
2.07109 3.73502 3.29725
226.2 2.0 1698.069
110.05 2.21 1653.0
112.75244 1.24763 128.17588
419.658 3.6 1.0000
500.000 2.629 348.17672
496.00263 1.13644 1980.66779
408.0 1.0 25.0
490.41122 1.29933 1978.01788
446.00000 2.00000 892.00000
411.00000 1.00000 438.00000
87.50332 1.70670 837.05024
175.56143 2.78020 856.05879
95.79215 3.78001 850.25518
65.5 3.0 2000.00000
164.36760 3.8 119.87
489.00000 2.00000 978.00000
455.9 2.79446 616.516
388.00000 2.00000 776.00000
72.0 3.0 437.0
497.38167 1.02814 1977.39931
492.77066 1.30598 1973.65544
495.06290 1.37576 1956.55441
31.48184 1.56214 24.22264
71.43 1.271 63.0
249.34513 1.99304 127.63473
490.20480 1.06259 1917.24079
492.82458 1.37992 1995.47689
496.32591 1.07334 1926.66573
497.67088 1.27205 1911.31052
380.46168 2.98799 1772.351
491.88646 1.10903 1994.53932
493.02653 1.49418 1969.10937
315.06056 3.76741 1558.38537
145.1 1.000 412.76
441.00000 2.00000 882.00000
490.40931 1.05480 1915.93851
148.955 4.00 929.2
341.0 2.0 188.58460
15.0 1.0 1282.0
373.04337 2.67699 93.42124
492.68163 1.34264 1913.32540
491.39317 1.03667 1975.73525
492.97853 1.25888 1978.90950
1.000 1.54 1518.89547
492.87683 1.19934 1951.70312
493.57897 1.08927 1981.73915
498.81356 1.06050 1993.66194
135.0 2.0 1907.0
12.15063 1.38698 1458.34159
490.93586 1.01124 1908.06923
381.0 1.0 893.0
303.89450 3.24923 466.09678
493.07090 1.06408 1954.65834
495.71035 1.37831 1925.81357
362.0 2.99798 497.8
