100
3 8
5 6 9 4 8 2 1 7
3 1
2
3 10
2 4 8 16 32 64 100 100 100 100
3 10
1 4 4 4 4 4 4 4 4 4
100 1
100
3 5
11 20 60 22 100
2 10
100 100 100 100 100 100 100 100 100 100
3 5
100 100 100 100 100
3 4
1 6 12 49
2 6
9 64 19 16 81 80
1 10
100 100 100 100 100 100 100 100 100 100
1 10
1 1 1 1 1 1 1 1 1 1
1 4
26 15 13 79
12 2
10 71
10 9
6 40 20 10 48 28 92 86 1
1 9
3 43 23 1 2 48 59 80 95
13 4
23 6 10 8
25 4
22 2 27 97
11 9
26 11 12 1 1 4 9 35 77
1 6
40 24 81 64 12 2
4 1
65
3 2
51 14
20 9
5 68 69 27 68 3 1 23 43
9 8
29 68 4 2 30 99 32 60
10 5
2 8 78 5 1
1 3
21 62 1
2 5
2 36 63 1 15
2 8
50 32 2 46 96 9 20 9
7 8
44 20 59 61 1 1 55 3
1 8
1 17 29 2 82 12 16 1
2 7
16 18 15 97 2 6 1
16 2
31 8
8 3
69 59 96
18 8
5 65 3 4 1 18 88 56
2 2
75 20
1 9
67 12 45 69 65 5 26 54 26
10 5
30 87 48 2 78
10 2
16 1
2 7
15 81 34 66 66 6 19
1 2
12 56
3 8
2 1 19 5 32 3 46 5
9 4
85 9 78 29
5 4
2 26 58 86
1 7
58 61 11 32 4 49 2
10 1
14
20 6
6 22 1 40 65 63
5 5
46 37 39 68 70
15 5
41 1 19 8 31
1 4
27 3 5 28
21 4
1 1 4 17
1 4
8 11 90 53
12 8
38 21 15 18 5 57 96 7
18 2
7 66
15 2
24 67
1 1
32
8 3
45 62 1
9 8
3 6 74 27 95 91 87 22
7 8
4 17 1 29 21 44 60 5
8 7
18 30 1 29 20 37 16
5 1
12
8 9
65 56 7 13 57 6 1 53 49
1 1
79
11 8
5 43 13 24 61 96 1 27
3 2
81 15
2 9
1 25 36 88 10 42 35 1 4
12 1
48
4 3
15 18 34
18 9
5 11 70 3 38 48 77 11 62
16 6
35 38 34 84 11 1
10 6
12 4 15 83 96 19
14 8
2 10 1 3 9 68 99 15
16 2
10 2
5 5
65 27 86 91 29
10 5
43 67 16 23 13
14 4
41 3 37 10
24 1
1
12 3
56 1 37
2 3
34 3 91
1 7
79 35 26 7 2 1 53
6 3
26 24 14
1 2
72 99
2 7
8 96 24 59 54 68 78
12 1
15
1 9
36 12 19 79 94 15 41 4 12
2 6
32 88 85 36 53 7
9 6
4 23 18 37 12 33
6 7
9 12 85 25 22 13 16
7 6
7 6 91 4 84 1
4 2
99 1
13 1
65
5 1
19
1 5
75 61 1 66 43
1 9
12 30 1 58 17 41 22 1 5
1 4
3 75 14 1
24 7
70 57 86 3 84 1 2
2 5
39 4 8 51 95
4 4
41 42 4 9
13 3
32 9 23
9 7
66 87 98 20 30 49 3
13 5
17 72 47 1 8
