100
3 8
5 6 9 4 8 2 1 7
3 1
2
3 10
2 4 8 16 32 64 100 100 100 100
3 10
1 4 4 4 4 4 4 4 4 4
100 1
100
3 5
11 20 60 22 100
2 10
100 100 100 100 100 100 100 100 100 100
3 5
100 100 100 100 100
3 4
1 6 12 49
2 6
9 64 19 16 81 80
1 10
100 100 100 100 100 100 100 100 100 100
1 10
1 1 1 1 1 1 1 1 1 1
3 3
1 16 94
10 3
77 23 62
10 4
96 98 68 78
1 5
23 8 50 2 77
8 3
8 8 8
11 4
12 44 62 69
1 1
24
9 2
11 28
2 1
3
20 1
72
11 2
3 5
19 1
11
1 1
39
1 1
8
8 6
54 12 62 51 1 37
1 1
21
6 5
33 51 14 33 22
2 8
1 1 1 86 34 46 3 9
9 9
5 74 47 75 10 18 39 53 9
7 7
1 73 16 75 10 13 77
1 4
57 43 7 75
21 9
64 18 16 5 27 1 10 6 38
13 2
94 28
2 8
90 3 62 5 60 75 37 5
1 8
5 9 92 47 12 70 12 98
1 3
82 5 70
13 7
5 17 1 3 8 36 70
16 4
12 26 1 8
2 1
61
11 7
29 61 47 31 79 1 26
6 9
77 16 25 43 2 47 18 26 5
6 8
9 39 8 17 6 31 93 10
9 6
52 6 1 28 3 37
13 3
9 45 31
4 7
91 30 69 95 92 20 36
15 1
25
15 9
27 73 34 93 43 44 60 62 24
8 9
77 47 40 6 55 68 53 72 20
9 8
2 82 2 38 86 86 23 11
21 2
6 48
3 9
1 19 97 40 12 8 82 48 19
13 7
4 40 12 1 78 50 71
19 4
46 1 13 74
25 1
63
17 7
14 31 59 5 16 41 59
6 2
9 14
4 6
90 1 52 81 25 24
1 5
49 1 58 16 25
23 2
10 58
16 1
76
11 7
97 86 1 46 86 6 84
24 4
1 24 16 28
21 7
12 65 74 7 55 43 88
19 7
9 24 1 86 41 50 20
8 5
4 80 1 40 1
9 4
88 67 2 64
16 9
45 12 33 26 13 1 52 54 45
1 8
30 93 37 7 8 40 57 3
8 7
8 42 3 62 82 5 1
7 8
72 14 55 39 59 67 61 33
15 1
46
5 7
1 1 1 16 25 13 12
24 1
20
21 7
15 15 7 1 82 9 68
7 1
31
20 8
25 1 91 12 8 78 35 91
23 4
71 29 5 35
1 3
31 2 77
22 4
1 13 63 21
22 6
15 19 95 23 24 8
5 5
14 4 76 33 15
1 1
5
1 5
4 13 44 12 8
2 4
50 1 66 40
11 8
35 1 59 40 57 3 68 72
1 1
2
3 1
15
1 4
26 2 68 2
9 9
1 90 15 27 6 24 1 64 35
14 6
3 34 91 11 20 37
2 3
51 1 21
18 3
9 27 1
1 9
46 69 2 36 12 57 20 4 97
6 2
24 87
1 3
15 43 62
2 2
46 2
20 4
14 26 14 65
4 8
2 17 50 33 61 1 11 19
