100
3 8
5 6 9 4 8 2 1 7
3 1
2
3 10
2 4 8 16 32 64 100 100 100 100
3 10
1 4 4 4 4 4 4 4 4 4
100 1
100
3 5
11 20 60 22 100
2 10
100 100 100 100 100 100 100 100 100 100
3 5
100 100 100 100 100
3 4
1 6 12 49
2 6
9 64 19 16 81 80
1 10
100 100 100 100 100 100 100 100 100 100
1 10
1 1 1 1 1 1 1 1 1 1
11 5
70 6 4 66 2
21 4
14 3 24 84
21 5
17 3 8 87 7
11 1
30
13 5
53 48 27 60 31
5 8
32 68 3 19 47 67 72 1
2 4
57 1 18 19
3 5
16 98 3 59 44
9 2
98 44
4 6
12 90 8 1 49 97
22 3
6 2 40
4 7
71 21 95 34 92 13 40
9 8
6 91 7 1 8 48 96 56
3 9
9 4 5 6 5 42 58 5 14
18 9
57 12 77 56 56 1 58 1 38
8 7
69 83 49 55 9 1 53
10 1
53
9 7
10 27 4 5 4 40 6
2 7
99 66 22 18 50 84 38
1 1
16
3 6
20 16 7 5 1 5
1 8
87 23 73 3 83 10 39 3
15 8
15 4 61 99 3 47 19 79
25 2
34 82
7 9
1 70 65 50 11 86 8 32 31
12 8
10 17 14 3 29 72 1 15
5 7
49 3 32 7 1 1 25
16 2
14 62
16 8
3 40 1 57 10 10 22 7
16 9
65 5 94 80 91 2 8 55 58
1 6
40 44 20 11 6 26
4 8
68 33 67 2 65 1 54 35
2 8
53 80 11 46 33 9 62 14
18 7
73 69 64 65 37 60 1
17 5
72 1 89 77 72
14 3
14 4 56
21 7
10 14 45 8 21 49 3
17 2
37 57
22 8
48 61 1 4 55 5 71 4
24 2
74 52
6 1
61
3 3
25 1 72
2 1
29
14 6
3 3 1 3 21 1
1 4
25 26 9 74
24 7
68 24 15 1 8 33 1
1 2
95 1
15 8
95 4 6 60 1 56 53 77
2 3
3 74 1
5 2
70 3
13 8
18 17 3 32 29 91 21 76
17 3
2 13 55
2 2
30 4
9 8
84 63 1 37 6 1 54 20
1 7
13 8 15 82 34 9 3
21 6
26 74 3 37 10 90
1 5
2 61 3 46 20
2 7
72 91 20 94 4 1 55
23 8
97 1 19 30 12 95 7 10
9 9
58 78 18 41 8 81 73 2 3
1 8
66 20 37 28 4 10 76 30
15 3
32 23 85
13 6
50 27 5 28 1 31
5 3
22 58 15
3 9
81 91 4 53 62 13 3 25 3
15 4
28 88 22 3
7 2
29 4
21 3
46 88 23
11 7
6 1 1 18 29 12 1
16 7
1 6 26 46 9 37 53
9 6
13 79 4 13 96 27
1 1
18
1 5
2 45 15 24 4
8 8
28 74 25 12 82 4 77 1
12 2
40 58
17 6
59 63 91 45 4 31
3 3
13 63 43
18 3
18 50 2
20 3
49 87 10
13 4
54 32 56 45
3 6
6 18 2 56 28 33
24 4
53 42 14 58
22 5
92 33 15 58 5
1 2
1 73
2 2
24 1
7 7
22 15 5 39 3 13 5
1 8
80 42 40 89 9 47 96 61
10 5
62 91 57 82 1
