100
3 8
5 6 9 4 8 2 1 7
3 1
2
3 10
2 4 8 16 32 64 100 100 100 100
3 10
1 4 4 4 4 4 4 4 4 4
100 1
100
3 5
11 20 60 22 100
2 10
100 100 100 100 100 100 100 100 100 100
3 5
100 100 100 100 100
3 4
1 6 12 49
2 6
9 64 19 16 81 80
1 10
100 100 100 100 100 100 100 100 100 100
1 10
1 1 1 1 1 1 1 1 1 1
24 7
98 29 9 29 44 59 2
1 4
1 30 28 65
1 6
53 30 1 70 88 18
8 2
80 12
9 8
46 37 2 67 75 5 90 11
9 3
19 77 15
3 5
29 26 56 25 38
17 5
92 4 32 50 5
9 3
6 55 65
1 9
38 14 31 1 6 20 64 74 83
1 4
90 13 1 70
19 9
39 2 3 69 51 65 93 13 1
2 5
2 80 1 2 27
7 4
58 67 1 14
7 6
88 84 1 7 7 41
1 8
17 35 42 25 12 29 17 20
23 2
6 50
3 1
86
17 7
74 22 48 13 40 20 15
12 6
19 23 33 50 3 3
1 9
93 67 2 1 12 5 36 53 85
1 1
8
6 3
1 39 54
22 8
14 2 2 69 4 90 2 54
3 8
15 52 65 15 62 24 34 31
13 6
62 35 5 1 1 74
2 2
10 1
1 8
98 1 45 53 75 16 20 47
12 1
58
8 2
97 5
16 5
68 68 8 23 3
17 6
85 81 8 3 44 71
4 8
9 51 89 20 1 18 14 2
3 8
5 48 24 4 44 90 21 93
1 6
29 7 10 68 29 77
12 3
71 17 86
23 9
12 34 96 11 5 17 19 31 19
13 9
1 61 53 4 77 41 80 18 5
4 5
31 3 64 22 80
11 3
20 1 33
25 4
63 2 6 4
18 5
14 77 23 32 91
8 7
12 7 23 32 48 17 70
2 5
84 15 53 45 1
1 9
3 1 1 57 63 82 5 1 60
3 5
99 96 6 47 19
3 1
3
1 2
35 2
24 8
34 31 8 7 80 15 9 72
3 8
22 10 3 14 31 33 92 3
17 2
44 12
6 5
28 24 1 42 2
1 3
2 93 58
3 2
86 45
19 6
2 9 52 68 47 94
2 4
7 27 91 27
1 2
15 8
7 4
29 29 98 3
20 7
19 7 43 66 8 57 19
13 9
98 13 4 66 64 2 2 1 13
6 3
79 34 23
19 8
11 1 6 36 5 17 18 10
10 4
21 1 39 29
15 1
8
10 1
9
1 4
24 6 78 25
1 1
92
12 9
24 7 53 94 40 29 3 50 55
3 1
76
1 7
6 45 13 54 50 81 5
25 5
16 40 1 61 8
9 8
60 28 5 32 3 76 41 14
1 5
95 6 1 94 5
1 4
56 31 3 29
1 5
28 41 43 2 9
5 4
36 20 2 13
3 8
9 1 1 1 51 2 13 10
10 4
57 19 16 50
15 2
36 77
1 4
58 80 72 5
5 5
40 14 3 51 9
15 7
44 1 90 75 8 31 25
1 3
16 11 7
1 9
1 2 30 44 23 2 33 54 32
4 6
29 58 14 16 11 2
11 1
39
25 4
16 28 22 27
1 8
27 5 1 1 1 3 1 62
